5.00001 7022.01
5.00051 7017.56
5.00101 7013.17
5.00151 7008.83
5.00201 7004.56
5.00251 7000.33
5.00301 6996.16
5.00351 6992.05
5.00401 6987.99
5.00451 6983.99
5.00501 6980.04
5.00551 6976.15
5.00601 6972.31
5.00651 6968.52
5.00701 6964.79
5.00751 6961.11
5.00801 6957.48
5.00851 6953.91
5.00901 6950.38
5.00951 6946.91
5.01001 6943.5
5.01051 6940.13
5.01101 6936.81
5.01151 6933.55
5.01201 6930.34
5.01251 6927.18
5.01302 6924.06
5.01352 6921
5.01402 6917.99
5.01452 6915.03
5.01502 6912.12
5.01552 6909.25
5.01602 6906.44
5.01652 6903.67
5.01702 6900.96
5.01752 6898.29
5.01802 6895.67
5.01852 6893.09
5.01902 6890.57
5.01952 6888.09
5.02002 6885.66
5.02052 6883.28
5.02102 6880.94
5.02152 6878.65
5.02202 6876.4
5.02252 6874.2
5.02302 6872.04
5.02352 6869.94
5.02402 6867.87
5.02452 6865.85
5.02502 6863.88
5.02552 6861.95
5.02602 6860.06
5.02652 6858.22
5.02702 6856.42
5.02752 6854.66
5.02802 6852.95
5.02852 6851.28
5.02902 6849.65
5.02952 6848.07
5.03002 6846.52
5.03052 6845.02
5.03102 6843.56
5.03152 6842.14
5.03202 6840.77
5.03252 6839.43
5.03302 6838.13
5.03352 6836.88
5.03402 6835.66
5.03452 6834.49
5.03502 6833.35
5.03552 6832.25
5.03602 6831.2
5.03652 6830.18
5.03702 6829.2
5.03752 6828.25
5.03802 6827.35
5.03853 6826.49
5.03903 6825.66
5.03953 6824.87
5.04003 6824.11
5.04053 6823.4
5.04103 6822.72
5.04153 6822.07
5.04203 6821.46
5.04253 6820.89
5.04303 6820.36
5.04353 6819.85
5.04403 6819.39
5.04453 6818.96
5.04503 6818.56
5.04553 6818.2
5.04603 6817.87
5.04653 6817.58
5.04703 6817.32
5.04753 6817.09
5.04803 6816.9
5.04853 6816.74
5.04903 6816.61
5.04953 6816.52
5.05003 6816.45
5.05053 6816.42
5.05103 6816.42
5.05153 6816.46
5.05203 6816.52
5.05253 6816.61
5.05303 6816.74
5.05353 6816.89
5.05403 6817.08
5.05453 6817.3
5.05503 6817.54
5.05553 6817.82
5.05603 6818.12
5.05653 6818.45
5.05703 6818.82
5.05753 6819.21
5.05803 6819.62
5.05853 6820.07
5.05903 6820.55
5.05953 6821.05
5.06003 6821.58
5.06053 6822.13
5.06103 6822.72
5.06153 6823.33
5.06203 6823.96
5.06253 6824.62
5.06303 6825.31
5.06353 6826.02
5.06403 6826.76
5.06454 6827.53
5.06504 6828.31
5.06554 6829.13
5.06604 6829.96
5.06654 6830.82
5.06704 6831.71
5.06754 6832.62
5.06804 6833.55
5.06854 6834.5
5.06904 6835.48
5.06954 6836.48
5.07004 6837.51
5.07054 6838.55
5.07104 6839.62
5.07154 6840.7
5.07204 6841.81
5.07254 6842.94
5.07304 6844.1
5.07354 6845.27
5.07404 6846.46
5.07454 6847.67
5.07504 6848.91
5.07554 6850.16
5.07604 6851.43
5.07654 6852.72
5.07704 6854.03
5.07754 6855.36
5.07804 6856.7
5.07854 6858.07
5.07904 6859.45
5.07954 6860.85
5.08004 6862.27
5.08054 6863.7
5.08104 6865.15
5.08154 6866.62
5.08204 6868.11
5.08254 6869.61
5.08304 6871.12
5.08354 6872.65
5.08404 6874.2
5.08454 6875.77
5.08504 6877.34
5.08554 6878.94
5.08604 6880.54
5.08654 6882.16
5.08704 6883.8
5.08754 6885.45
5.08804 6887.11
5.08854 6888.79
5.08904 6890.47
5.08954 6892.17
5.09005 6893.89
5.09055 6895.61
5.09105 6897.35
5.09155 6899.1
5.09205 6900.86
5.09255 6902.63
5.09305 6904.42
5.09355 6906.21
5.09405 6908.02
5.09455 6909.83
5.09505 6911.65
5.09555 6913.49
5.09605 6915.33
5.09655 6917.19
5.09705 6919.05
5.09755 6920.92
5.09805 6922.8
5.09855 6924.69
5.09905 6926.58
5.09955 6928.48
5.10005 6930.4
5.10055 6932.31
5.10105 6934.24
5.10155 6936.17
5.10205 6938.11
5.10255 6940.05
5.10305 6942.01
5.10355 6943.96
5.10405 6945.92
5.10455 6947.89
5.10505 6949.87
5.10555 6951.84
5.10605 6953.82
5.10655 6955.81
5.10705 6957.8
5.10755 6959.8
5.10805 6961.79
5.10855 6963.79
5.10905 6965.8
5.10955 6967.81
5.11005 6969.82
5.11055 6971.83
5.11105 6973.84
5.11155 7036.21
5.11205 7039.3
5.11255 7042.41
5.11305 7045.54
5.11355 7048.67
5.11405 7051.83
5.11455 7055
5.11505 7058.18
5.11556 7061.38
5.11606 7064.59
5.11656 7067.82
5.11706 7071.06
5.11756 7074.32
5.11806 7077.59
5.11856 7080.88
5.11906 7084.18
5.11956 7087.49
5.12006 7090.81
5.12056 7094.15
5.12106 7097.51
5.12156 7100.87
5.12206 7104.25
5.12256 7107.64
5.12306 7111.05
5.12356 7114.47
5.12406 7117.9
5.12456 7121.34
5.12506 7124.8
5.12556 7128.26
5.12606 7131.74
5.12656 7135.24
5.12706 7138.74
5.12756 7142.25
5.12806 7145.78
5.12856 7149.32
5.12906 7152.87
5.12956 7156.43
5.13006 7160
5.13056 7163.58
5.13106 7167.18
5.13156 7170.78
5.13206 7174.4
5.13256 7178.02
5.13306 7181.66
5.13356 7185.3
5.13406 7188.96
5.13456 7192.63
5.13506 7196.3
5.13556 7199.99
5.13606 7203.68
5.13656 7207.39
5.13706 7211.1
5.13756 7214.82
5.13806 7218.56
5.13856 7222.3
5.13906 7226.05
5.13956 7229.81
5.14006 7233.57
5.14056 7237.35
5.14107 7241.13
5.14157 7244.92
5.14207 7248.72
5.14257 7252.53
5.14307 7256.35
5.14357 7260.17
5.14407 7264
5.14457 7267.84
5.14507 7271.69
5.14557 7275.54
5.14607 7279.4
5.14657 7283.27
5.14707 7287.14
5.14757 7291.02
5.14807 7294.91
5.14857 7298.8
5.14907 7302.7
5.14957 7306.6
5.15007 7310.52
5.15057 7314.43
5.15107 7318.36
5.15157 7322.28
5.15207 7326.22
5.15257 7330.16
5.15307 7334.1
5.15357 7338.05
5.15407 7342.01
5.15457 7345.97
5.15507 7349.93
5.15557 7353.9
5.15607 7357.88
5.15657 7361.85
5.15707 7365.84
5.15757 7369.82
5.15807 7373.81
5.15857 7377.81
5.15907 7381.8
5.15957 7385.81
5.16007 7389.81
5.16057 7393.82
5.16107 7397.83
5.16157 7401.85
5.16207 7405.86
5.16257 7409.88
5.16307 7413.91
5.16357 7417.93
5.16407 7421.96
5.16457 7425.99
5.16507 7430.03
5.16557 7434.06
5.16607 7438.1
5.16657 7442.14
5.16708 7446.18
5.16758 7450.22
5.16808 7454.26
5.16858 7458.31
5.16908 7462.35
5.16958 7466.4
5.17008 7470.45
5.17058 7474.5
5.17108 7478.55
5.17158 7482.6
5.17208 7486.65
5.17258 7490.7
5.17308 7494.75
5.17358 7498.8
5.17408 7502.85
5.17458 7506.9
5.17508 7510.95
5.17558 7515
5.17608 7519.05
5.17658 7523.1
5.17708 7527.15
5.17758 7531.19
5.17808 7535.24
5.17858 7539.28
5.17908 7543.33
5.17958 7547.37
5.18008 7551.41
5.18058 7555.45
5.18108 7559.48
5.18158 7563.52
5.18208 7567.55
5.18258 7571.58
5.18308 7575.61
5.18358 7579.63
5.18408 7583.66
5.18458 7587.68
5.18508 7591.69
5.18558 7595.71
5.18608 7599.72
5.18658 7603.73
5.18708 7607.73
5.18758 7611.73
5.18808 7615.73
5.18858 7619.72
5.18908 7623.71
5.18958 7627.7
5.19008 7631.68
5.19058 7635.66
5.19108 7639.63
5.19158 7643.6
5.19208 7647.56
5.19259 7651.52
5.19309 7655.47
5.19359 7659.42
5.19409 7663.37
5.19459 7667.3
5.19509 7671.24
5.19559 7675.17
5.19609 7679.09
5.19659 7683
5.19709 7686.91
5.19759 7690.82
5.19809 7694.72
5.19859 7698.61
5.19909 7702.49
5.19959 7706.37
5.20009 7710.24
5.20059 7714.11
5.20109 7717.97
5.20159 7721.82
5.20209 7725.66
5.20259 7729.5
5.20309 7733.33
5.20359 7737.15
5.20409 7740.97
5.20459 7744.77
5.20509 7748.57
5.20559 7752.36
5.20609 7756.14
5.20659 7759.92
5.20709 7763.68
5.20759 7767.44
5.20809 7771.19
5.20859 7774.93
5.20909 7778.66
5.20959 7782.38
5.21009 7786.09
5.21059 7789.79
5.21109 7793.48
5.21159 7797.17
5.21209 7800.84
5.21259 7804.51
5.21309 7808.16
5.21359 7811.8
5.21409 7815.44
5.21459 7819.06
5.21509 7822.67
5.21559 7826.28
5.21609 7829.87
5.21659 7833.45
5.21709 7837.02
5.21759 7840.58
5.2181 7844.12
5.2186 7847.66
5.2191 7851.18
5.2196 7854.7
5.2201 7858.2
5.2206 7861.69
5.2211 7865.17
5.2216 7868.63
5.2221 7872.08
5.2226 7919.84
5.2231 7924.06
5.2236 7928.27
5.2241 7932.48
5.2246 7936.69
5.2251 7940.89
5.2256 7945.09
5.2261 7949.29
5.2266 7953.49
5.2271 7957.68
5.2276 7961.88
5.2281 7966.06
5.2286 7970.25
5.2291 7974.43
5.2296 7978.61
5.2301 7982.79
5.2306 7986.97
5.2311 7991.14
5.2316 7995.31
5.2321 7999.47
5.2326 8003.63
5.2331 8007.79
5.2336 8011.95
5.2341 8016.1
5.2346 8020.25
5.2351 8024.4
5.2356 8028.54
5.2361 8032.68
5.2366 8036.82
5.2371 8040.95
5.2376 8045.08
5.2381 8049.2
5.2386 8053.33
5.2391 8057.44
5.2396 8061.56
5.2401 8065.67
5.2406 8069.78
5.2411 8073.88
5.2416 8077.98
5.2421 8082.08
5.2426 8086.17
5.2431 8090.25
5.24361 8094.34
5.24411 8098.42
5.24461 8102.49
5.24511 8106.56
5.24561 8110.63
5.24611 8114.7
5.24661 8118.75
5.24711 8122.81
5.24761 8126.86
5.24811 8130.9
5.24861 8134.95
5.24911 8138.98
5.24961 8143.01
5.25011 8147.04
5.25061 8151.07
5.25111 8155.08
5.25161 8159.1
5.25211 8163.11
5.25261 8167.11
5.25311 8171.11
5.25361 8175.11
5.25411 8179.1
5.25461 8183.08
5.25511 8187.06
5.25561 8191.04
5.25611 8195.01
5.25661 8198.97
5.25711 8202.93
5.25761 8206.89
5.25811 8210.84
5.25861 8214.78
5.25911 8218.72
5.25961 8222.65
5.26011 8226.58
5.26061 8230.5
5.26111 8234.42
5.26161 8238.33
5.26211 8242.24
5.26261 8246.14
5.26311 8250.03
5.26361 8253.92
5.26411 8257.81
5.26461 8261.69
5.26511 8265.56
5.26561 8269.42
5.26611 8273.28
5.26661 8277.14
5.26711 8280.99
5.26761 8284.83
5.26811 8288.67
5.26861 8292.5
5.26911 8296.32
5.26962 8300.14
5.27012 8303.95
5.27062 8307.76
5.27112 8311.56
5.27162 8315.35
5.27212 8319.14
5.27262 8322.92
5.27312 8326.69
5.27362 8330.46
5.27412 8334.22
5.27462 8337.97
5.27512 8341.72
5.27562 8345.46
5.27612 8349.2
5.27662 8352.92
5.27712 8356.65
5.27762 8360.36
5.27812 8364.07
5.27862 8367.77
5.27912 8371.46
5.27962 8375.15
5.28012 8378.83
5.28062 8382.5
5.28112 8386.16
5.28162 8389.82
5.28212 8393.47
5.28262 8397.12
5.28312 8400.75
5.28362 8404.38
5.28412 8408
5.28462 8411.62
5.28512 8415.22
5.28562 8418.82
5.28612 8422.41
5.28662 8426
5.28712 8429.58
5.28762 8433.14
5.28812 8436.71
5.28862 8440.26
5.28912 8443.8
5.28962 8447.34
5.29012 8450.87
5.29062 8454.39
5.29112 8457.91
5.29162 8461.42
5.29212 8464.91
5.29262 8468.4
5.29312 8471.89
5.29362 8475.36
5.29412 8478.83
5.29462 8482.28
5.29513 8485.73
5.29563 8489.17
5.29613 8492.61
5.29663 8496.03
5.29713 8499.45
5.29763 8502.85
5.29813 8506.25
5.29863 8509.64
5.29913 8513.02
5.29963 8516.4
5.30013 8519.76
5.30063 8523.12
5.30113 8526.46
5.30163 8529.8
5.30213 8533.13
5.30263 8536.45
5.30313 8539.76
5.30363 8543.06
5.30413 8546.36
5.30463 8549.64
5.30513 8552.92
5.30563 8556.18
5.30613 8559.44
5.30663 8562.69
5.30713 8565.93
5.30763 8569.15
5.30813 8572.37
5.30863 8575.59
5.30913 8578.79
5.30963 8581.98
5.31013 8585.16
5.31063 8588.33
5.31113 8591.49
5.31163 8594.65
5.31213 8597.79
5.31263 8600.93
5.31313 8604.05
5.31363 8607.16
5.31413 8610.27
5.31463 8613.36
5.31513 8616.45
5.31563 8619.52
5.31613 8622.59
5.31663 8625.64
5.31713 8628.69
5.31763 8631.72
5.31813 8634.74
5.31863 8637.76
5.31913 8640.76
5.31963 8643.76
5.32013 8646.74
5.32064 8649.71
5.32114 8652.67
5.32164 8655.63
5.32214 8658.57
5.32264 8661.5
5.32314 8664.42
5.32364 8667.33
5.32414 8670.23
5.32464 8673.11
5.32514 8675.99
5.32564 8678.86
5.32614 8681.71
5.32664 8684.56
5.32714 8687.39
5.32764 8690.22
5.32814 8693.03
5.32864 8695.83
5.32914 8698.62
5.32964 8701.4
5.33014 8704.17
5.33064 8706.92
5.33114 8709.67
5.33164 8712.4
5.33214 8715.12
5.33264 8717.84
5.33314 8720.54
5.33364 8751.77
5.33414 8754.95
5.33464 8758.13
5.33514 8761.29
5.33564 8764.46
5.33614 8767.62
5.33664 8770.77
5.33714 8773.92
5.33764 8777.06
5.33814 8780.2
5.33864 8783.34
5.33914 8786.46
5.33964 8789.59
5.34014 8792.71
5.34064 8795.82
5.34114 8798.93
5.34164 8802.03
5.34214 8805.13
5.34264 8808.23
5.34314 8811.32
5.34364 8814.4
5.34414 8817.48
5.34464 8820.55
5.34514 8823.62
5.34564 8826.69
5.34615 8829.75
5.34665 8832.8
5.34715 8835.86
5.34765 8838.9
5.34815 8841.94
5.34865 8844.98
5.34915 8848.01
5.34965 8851.04
5.35015 8854.06
5.35065 8857.08
5.35115 8860.09
5.35165 8863.1
5.35215 8866.1
5.35265 8869.1
5.35315 8872.09
5.35365 8875.08
5.35415 8878.06
5.35465 8881.04
5.35515 8884.02
5.35565 8886.99
5.35615 8889.95
5.35665 8892.91
5.35715 8895.87
5.35765 8898.82
5.35815 8901.77
5.35865 8904.71
5.35915 8907.65
5.35965 8910.59
5.36015 8913.51
5.36065 8916.44
5.36115 8919.36
5.36165 8922.27
5.36215 8925.19
5.36265 8928.09
5.36315 8930.99
5.36365 8933.89
5.36415 8936.79
5.36465 8939.67
5.36515 8942.56
5.36565 8945.44
5.36615 8948.31
5.36665 8951.19
5.36715 8954.05
5.36765 8956.91
5.36815 8959.77
5.36865 8962.63
5.36915 8965.48
5.36965 8968.32
5.37015 8971.16
5.37065 8974
5.37115 8976.83
5.37165 8979.66
5.37216 8982.48
5.37266 8985.3
5.37316 8988.11
5.37366 8990.92
5.37416 8993.73
5.37466 8996.53
5.37516 8999.33
5.37566 9002.13
5.37616 9004.91
5.37666 9007.7
5.37716 9010.48
5.37766 9013.26
5.37816 9016.03
5.37866 9018.8
5.37916 9021.56
5.37966 9024.33
5.38016 9027.08
5.38066 9029.83
5.38116 9032.58
5.38166 9035.33
5.38216 9038.07
5.38266 9040.8
5.38316 9043.53
5.38366 9046.26
5.38416 9048.99
5.38466 9051.71
5.38516 9054.42
5.38566 9057.13
5.38616 9059.84
5.38666 9062.55
5.38716 9065.24
5.38766 9067.94
5.38816 9070.63
5.38866 9073.32
5.38916 9076.01
5.38966 9078.69
5.39016 9081.36
5.39066 9084.03
5.39116 9086.7
5.39166 9089.37
5.39216 9092.03
5.39266 9094.69
5.39316 9097.34
5.39366 9099.99
5.39416 9102.63
5.39466 9105.27
5.39516 9107.91
5.39566 9110.55
5.39616 9113.18
5.39666 9115.8
5.39716 9118.43
5.39767 9121.05
5.39817 9123.66
5.39867 9126.27
5.39917 9128.88
5.39967 9131.48
5.40017 9134.09
5.40067 9136.68
5.40117 9139.28
5.40167 9141.86
5.40217 9144.45
5.40267 9147.03
5.40317 9149.61
5.40367 9152.19
5.40417 9154.76
5.40467 9157.33
5.40517 9159.89
5.40567 9162.45
5.40617 9165.01
5.40667 9167.56
5.40717 9170.11
5.40767 9172.66
5.40817 9175.2
5.40867 9177.74
5.40917 9180.28
5.40967 9182.81
5.41017 9185.34
5.41067 9187.86
5.41117 9190.38
5.41167 9192.9
5.41217 9195.42
5.41267 9197.93
5.41317 9200.44
5.41367 9202.94
5.41417 9205.44
5.41467 9207.94
5.41517 9210.44
5.41567 9212.93
5.41617 9215.42
5.41667 9217.9
5.41717 9220.38
5.41767 9222.86
5.41817 9225.34
5.41867 9227.81
5.41917 9230.27
5.41967 9232.74
5.42017 9235.2
5.42067 9237.66
5.42117 9240.11
5.42167 9242.57
5.42217 9245.02
5.42267 9247.46
5.42318 9249.9
5.42368 9252.34
5.42418 9254.78
5.42468 9257.21
5.42518 9259.64
5.42568 9262.07
5.42618 9264.49
5.42668 9266.91
5.42718 9269.33
5.42768 9271.74
5.42818 9274.15
5.42868 9276.56
5.42918 9278.96
5.42968 9281.36
5.43018 9283.76
5.43068 9286.16
5.43118 9288.55
5.43168 9290.94
5.43218 9293.33
5.43268 9295.71
5.43318 9298.09
5.43368 9300.47
5.43418 9302.84
5.43468 9305.21
5.43518 9307.58
5.43568 9309.95
5.43618 9312.31
5.43668 9314.67
5.43718 9317.03
5.43768 9319.38
5.43818 9321.73
5.43868 9324.08
5.43918 9326.42
5.43968 9328.77
5.44018 9331.11
5.44068 9333.44
5.44118 9335.78
5.44168 9338.11
5.44218 9340.44
5.44268 9342.76
5.44318 9345.08
5.44368 9347.4
5.44418 9349.72
5.44468 9365.45
5.44518 9367.99
5.44568 9370.54
5.44618 9373.08
5.44668 9375.62
5.44718 9378.16
5.44768 9380.7
5.44818 9383.24
5.44869 9385.79
5.44919 9388.33
5.44969 9390.87
5.45019 9393.41
5.45069 9395.96
5.45119 9398.5
5.45169 9401.05
5.45219 9403.59
5.45269 9406.14
5.45319 9408.68
5.45369 9411.23
5.45419 9413.78
5.45469 9416.32
5.45519 9418.87
5.45569 9421.42
5.45619 9423.97
5.45669 9426.52
5.45719 9429.07
5.45769 9431.62
5.45819 9434.18
5.45869 9436.73
5.45919 9439.28
5.45969 9441.84
5.46019 9444.4
5.46069 9446.95
5.46119 9449.51
5.46169 9452.07
5.46219 9454.63
5.46269 9457.19
5.46319 9459.76
5.46369 9462.32
5.46419 9464.89
5.46469 9467.45
5.46519 9470.02
5.46569 9472.59
5.46619 9475.16
5.46669 9477.73
5.46719 9480.3
5.46769 9482.88
5.46819 9485.45
5.46869 9488.03
5.46919 9490.61
5.46969 9493.19
5.47019 9495.77
5.47069 9498.35
5.47119 9500.94
5.47169 9503.53
5.47219 9506.11
5.47269 9508.7
5.47319 9511.3
5.47369 9513.89
5.47419 9516.49
5.4747 9519.08
5.4752 9521.68
5.4757 9524.28
5.4762 9526.89
5.4767 9529.49
5.4772 9532.1
5.4777 9534.71
5.4782 9537.32
5.4787 9539.93
5.4792 9542.55
5.4797 9545.16
5.4802 9547.78
5.4807 9550.4
5.4812 9553.03
5.4817 9555.65
5.4822 9558.28
5.4827 9560.91
5.4832 9563.55
5.4837 9566.18
5.4842 9568.82
5.4847 9571.46
5.4852 9574.1
5.4857 9576.75
5.4862 9579.39
5.4867 9582.04
5.4872 9584.7
5.4877 9587.35
5.4882 9590.01
5.4887 9592.67
5.4892 9595.34
5.4897 9598
5.4902 9600.67
5.4907 9603.34
5.4912 9606.02
5.4917 9608.69
5.4922 9611.37
5.4927 9614.06
5.4932 9616.74
5.4937 9619.43
5.4942 9622.13
5.4947 9624.82
5.4952 9627.52
5.4957 9630.22
5.4962 9632.93
5.4967 9635.63
5.4972 9638.35
5.4977 9641.06
5.4982 9643.78
5.4987 9646.5
5.4992 9649.22
5.4997 9651.95
5.50021 9654.68
5.50071 9657.41
5.50121 9660.15
5.50171 9662.89
5.50221 9665.64
5.50271 9668.39
5.50321 9671.14
5.50371 9673.89
5.50421 9676.65
5.50471 9679.41
5.50521 9682.18
5.50571 9684.95
5.50621 9687.72
5.50671 9690.5
5.50721 9693.28
5.50771 9696.07
5.50821 9698.86
5.50871 9701.65
5.50921 9704.45
5.50971 9707.25
5.51021 9710.05
5.51071 9712.86
5.51121 9715.67
5.51171 9718.49
5.51221 9721.31
5.51271 9724.14
5.51321 9726.97
5.51371 9729.8
5.51421 9732.64
5.51471 9735.48
5.51521 9738.33
5.51571 9741.18
5.51621 9744.03
5.51671 9746.89
5.51721 9749.76
5.51771 9752.62
5.51821 9755.5
5.51871 9758.37
5.51921 9761.26
5.51971 9764.14
5.52021 9767.03
5.52071 9769.93
5.52121 9772.83
5.52171 9775.73
5.52221 9778.64
5.52271 9781.56
5.52321 9784.48
5.52371 9787.4
5.52421 9790.33
5.52471 9793.26
5.52521 9796.2
5.52572 9799.14
5.52622 9802.09
5.52672 9805.05
5.52722 9808
5.52772 9810.97
5.52822 9813.94
5.52872 9816.91
5.52922 9819.89
5.52972 9822.87
5.53022 9825.86
5.53072 9828.86
5.53122 9831.86
5.53172 9834.86
5.53222 9837.87
5.53272 9840.89
5.53322 9843.91
5.53372 9846.93
5.53422 9849.96
5.53472 9853
5.53522 9856.04
5.53572 9859.09
5.53622 9862.15
5.53672 9865.21
5.53722 9868.27
5.53772 9871.34
5.53822 9874.42
5.53872 9877.5
5.53922 9880.59
5.53972 9883.68
5.54022 9886.78
5.54072 9889.89
5.54122 9893
5.54172 9896.12
5.54222 9899.24
5.54272 9902.37
5.54322 9905.5
5.54372 9908.64
5.54422 9911.79
5.54472 9914.94
5.54522 9918.1
5.54572 9921.27
5.54622 9924.44
5.54672 9927.62
5.54722 9930.8
5.54772 9933.99
5.54822 9937.19
5.54872 9940.39
5.54922 9943.6
5.54972 9946.81
5.55022 9950.04
5.55072 9953.26
5.55122 9956.5
5.55173 9959.74
5.55223 9962.99
5.55273 9966.24
5.55323 9969.5
5.55373 9972.77
5.55423 9976.05
5.55473 9979.33
5.55523 9982.61
5.55573 9985.26
5.55623 9988.54
5.55673 9991.82
5.55723 9995.11
5.55773 9998.41
5.55823 10001.7
5.55873 10005
5.55923 10008.3
5.55973 10011.7
5.56023 10015
5.56073 10018.3
5.56123 10021.7
5.56173 10025
5.56223 10028.4
5.56273 10031.7
5.56323 10035.1
5.56373 10038.5
5.56423 10041.8
5.56473 10045.2
5.56523 10048.6
5.56573 10052
5.56623 10055.4
5.56673 10058.8
5.56723 10062.2
5.56773 10065.7
5.56823 10069.1
5.56873 10072.5
5.56923 10076
5.56973 10079.4
5.57023 10082.9
5.57073 10086.4
5.57123 10089.8
5.57173 10093.3
5.57223 10096.8
5.57273 10100.3
5.57323 10103.8
5.57373 10107.3
5.57423 10110.8
5.57473 10114.3
5.57523 10117.9
5.57573 10121.4
5.57623 10124.9
5.57673 10128.5
5.57724 10132
5.57774 10135.6
5.57824 10139.2
5.57874 10142.8
5.57924 10146.3
5.57974 10149.9
5.58024 10153.5
5.58074 10157.1
5.58124 10160.8
5.58174 10164.4
5.58224 10168
5.58274 10171.6
5.58324 10175.3
5.58374 10178.9
5.58424 10182.6
5.58474 10186.2
5.58524 10189.9
5.58574 10193.6
5.58624 10197.3
5.58674 10201
5.58724 10204.7
5.58774 10208.4
5.58824 10212.1
5.58874 10215.8
5.58924 10219.6
5.58974 10223.3
5.59024 10227
5.59074 10230.8
5.59124 10234.6
5.59174 10238.3
5.59224 10242.1
5.59274 10245.9
5.59324 10249.7
5.59374 10253.5
5.59424 10257.3
5.59474 10261.1
5.59524 10264.9
5.59574 10268.8
5.59624 10272.6
5.59674 10276.4
5.59724 10280.3
5.59774 10284.2
5.59824 10288
5.59874 10291.9
5.59924 10295.8
5.59974 10299.7
5.60024 10303.6
5.60074 10307.5
5.60124 10311.4
5.60174 10315.4
5.60224 10319.3
5.60275 10323.2
5.60325 10327.2
5.60375 10331.1
5.60425 10335.1
5.60475 10339.1
5.60525 10343.1
5.60575 10347.1
5.60625 10351.1
5.60675 10355.1
5.60725 10359.1
5.60775 10363.1
5.60825 10367.1
5.60875 10371.2
5.60925 10375.2
5.60975 10379.3
5.61025 10383.4
5.61075 10387.4
5.61125 10391.5
5.61175 10395.6
5.61225 10399.7
5.61275 10403.8
5.61325 10407.9
5.61375 10412.1
5.61425 10416.2
5.61475 10420.3
5.61525 10424.5
5.61575 10428.6
5.61625 10432.8
5.61675 10437
5.61725 10441.2
5.61775 10445.4
5.61825 10449.6
5.61875 10453.8
5.61925 10458
5.61975 10462.2
5.62025 10466.5
5.62075 10470.7
5.62125 10475
5.62175 10479.3
5.62225 10483.5
5.62275 10487.8
5.62325 10492.1
5.62375 10496.4
5.62425 10500.7
5.62475 10505
5.62525 10509.4
5.62575 10513.7
5.62625 10518
5.62675 10522.4
5.62725 10526.8
5.62775 10531.1
5.62826 10535.5
5.62876 10539.9
5.62926 10544.3
5.62976 10548.7
5.63026 10553.1
5.63076 10557.6
5.63126 10562
5.63176 10566.5
5.63226 10570.9
5.63276 10575.4
5.63326 10579.9
5.63376 10584.3
5.63426 10588.8
5.63476 10593.3
5.63526 10597.8
5.63576 10602.4
5.63626 10606.9
5.63676 10611.4
5.63726 10616
5.63776 10620.6
5.63826 10625.1
5.63876 10629.7
5.63926 10634.3
5.63976 10638.9
5.64026 10643.5
5.64076 10648.1
5.64126 10652.7
5.64176 10657.4
5.64226 10662
5.64276 10666.7
5.64326 10671.3
5.64376 10676
5.64426 10680.7
5.64476 10685.4
5.64526 10690.1
5.64576 10694.8
5.64626 10699.5
5.64676 10704.3
5.64726 10709
5.64776 10713.8
5.64826 10718.5
5.64876 10723.3
5.64926 10728.1
5.64976 10732.9
5.65026 10737.7
5.65076 10742.5
5.65126 10747.3
5.65176 10752.2
5.65226 10757
5.65276 10761.9
5.65326 10766.7
5.65376 10771.6
5.65427 10776.5
5.65477 10781.4
5.65527 10786.3
5.65577 10791.2
5.65627 10796.2
5.65677 10801.1
5.65727 10806
5.65777 10811
5.65827 10816
5.65877 10820.9
5.65927 10825.9
5.65977 10830.9
5.66027 10835.9
5.66077 10841
5.66127 10846
5.66177 10851
5.66227 10856.1
5.66277 10861.1
5.66327 10866.2
5.66377 10871.3
5.66427 10876.4
5.66477 10881.5
5.66527 10886.6
5.66577 10891.7
5.66627 10896.9
5.66677 10888.8
5.66727 10893.7
5.66777 10898.7
5.66827 10903.6
5.66877 10908.5
5.66927 10913.4
5.66977 10918.4
5.67027 10923.3
5.67077 10928.3
5.67127 10933.3
5.67177 10938.2
5.67227 10943.2
5.67277 10948.2
5.67327 10953.2
5.67377 10958.2
5.67427 10963.2
5.67477 10968.2
5.67527 10973.2
5.67577 10978.3
5.67627 10983.3
5.67677 10988.3
5.67727 10993.4
5.67777 10998.4
5.67827 11003.5
5.67877 11008.6
5.67927 11013.7
5.67978 11018.7
5.68028 11023.8
5.68078 11028.9
5.68128 11034
5.68178 11039.1
5.68228 11044.2
5.68278 11049.4
5.68328 11054.5
5.68378 11059.6
5.68428 11064.8
5.68478 11069.9
5.68528 11075.1
5.68578 11080.2
5.68628 11085.4
5.68678 11090.6
5.68728 11095.8
5.68778 11101
5.68828 11106.2
5.68878 11111.4
5.68928 11116.6
5.68978 11121.8
5.69028 11127
5.69078 11132.2
5.69128 11137.5
5.69178 11142.7
5.69228 11147.9
5.69278 11153.2
5.69328 11158.5
5.69378 11163.7
5.69428 11169
5.69478 11174.3
5.69528 11179.6
5.69578 11184.9
5.69628 11190.1
5.69678 11195.5
5.69728 11200.8
5.69778 11206.1
5.69828 11211.4
5.69878 11216.7
5.69928 11222.1
5.69978 11227.4
5.70028 11232.7
5.70078 11238.1
5.70128 11243.5
5.70178 11248.8
5.70228 11254.2
5.70278 11259.6
5.70328 11265
5.70378 11270.3
5.70428 11275.7
5.70478 11281.1
5.70529 11286.5
5.70579 11292
5.70629 11297.4
5.70679 11302.8
5.70729 11308.2
5.70779 11313.7
5.70829 11319.1
5.70879 11324.6
5.70929 11330
5.70979 11335.5
5.71029 11340.9
5.71079 11346.4
5.71129 11351.9
5.71179 11357.4
5.71229 11362.9
5.71279 11368.4
5.71329 11373.9
5.71379 11379.4
5.71429 11384.9
5.71479 11390.4
5.71529 11395.9
5.71579 11401.4
5.71629 11407
5.71679 11412.5
5.71729 11418.1
5.71779 11423.6
5.71829 11429.2
5.71879 11434.7
5.71929 11440.3
5.71979 11445.9
5.72029 11451.5
5.72079 11457
5.72129 11462.6
5.72179 11468.2
5.72229 11473.8
5.72279 11479.4
5.72329 11485
5.72379 11490.7
5.72429 11496.3
5.72479 11501.9
5.72529 11507.5
5.72579 11513.2
5.72629 11518.8
5.72679 11524.5
5.72729 11530.1
5.72779 11535.8
5.72829 11541.4
5.72879 11547.1
5.72929 11552.8
5.72979 11558.5
5.73029 11564.2
5.7308 11569.8
5.7313 11575.5
5.7318 11581.2
5.7323 11586.9
5.7328 11592.7
5.7333 11598.4
5.7338 11604.1
5.7343 11609.8
5.7348 11615.6
5.7353 11621.3
5.7358 11627
5.7363 11632.8
5.7368 11638.5
5.7373 11644.3
5.7378 11650
5.7383 11655.8
5.7388 11661.6
5.7393 11667.4
5.7398 11673.1
5.7403 11678.9
5.7408 11684.7
5.7413 11690.5
5.7418 11696.3
5.7423 11702.1
5.7428 11707.9
5.7433 11713.7
5.7438 11719.6
5.7443 11725.4
5.7448 11731.2
5.7453 11737
5.7458 11742.9
5.7463 11748.7
5.7468 11754.6
5.7473 11760.4
5.7478 11766.3
5.7483 11772.1
5.7488 11778
5.7493 11783.9
5.7498 11789.8
5.7503 11795.6
5.7508 11801.5
5.7513 11807.4
5.7518 11813.3
5.7523 11819.2
5.7528 11825.1
5.7533 11831
5.7538 11836.9
5.7543 11842.8
5.7548 11848.8
5.7553 11854.7
5.7558 11860.6
5.7563 11866.5
5.75681 11872.5
5.75731 11878.4
5.75781 11884.4
5.75831 11890.3
5.75881 11896.3
5.75931 11902.2
5.75981 11908.2
5.76031 11914.2
5.76081 11920.1
5.76131 11926.1
5.76181 11932.1
5.76231 11938.1
5.76281 11944.1
5.76331 11950.1
5.76381 11956.1
5.76431 11962.1
5.76481 11968.1
5.76531 11974.1
5.76581 11980.1
5.76631 11986.1
5.76681 11992.1
5.76731 11998.2
5.76781 12004.2
5.76831 12010.2
5.76881 12016.3
5.76931 12022.3
5.76981 12028.3
5.77031 12034.4
5.77081 12040.4
5.77131 12046.5
5.77181 12052.6
5.77231 12058.6
5.77281 12064.7
5.77331 12070.8
5.77381 12076.8
5.77431 12082.9
5.77481 12089
5.77531 12095.1
5.77581 12101.2
5.77631 12107.3
5.77681 12113.4
5.77731 12119.5
5.77781 12101.9
5.77831 12107.5
5.77881 12113.2
5.77931 12118.9
5.77981 12124.5
5.78031 12130.2
5.78081 12135.9
5.78131 12141.5
5.78181 12147.2
5.78232 12152.8
5.78282 12158.5
5.78332 12164.1
5.78382 12169.7
5.78432 12175.4
5.78482 12181
5.78532 12186.6
5.78582 12192.3
5.78632 12197.9
5.78682 12203.5
5.78732 12209.1
5.78782 12214.7
5.78832 12220.4
5.78882 12226
5.78932 12231.6
5.78982 12237.2
5.79032 12242.7
5.79082 12248.3
5.79132 12253.9
5.79182 12259.5
5.79232 12265.1
5.79282 12270.6
5.79332 12276.2
5.79382 12281.8
5.79432 12287.3
5.79482 12292.9
5.79532 12298.4
5.79582 12304
5.79632 12309.5
5.79682 12315
5.79732 12320.6
5.79782 12326.1
5.79832 12331.6
5.79882 12337.1
5.79932 12342.6
5.79982 12348.1
5.80032 12353.6
5.80082 12359.1
5.80132 12364.6
5.80182 12370.1
5.80232 12375.5
5.80282 12381
5.80332 12386.5
5.80382 12391.9
5.80432 12397.4
5.80482 12402.8
5.80532 12408.2
5.80582 12413.7
5.80632 12419.1
5.80682 12424.5
5.80732 12429.9
5.80783 12435.3
5.80833 12440.7
5.80883 12446.1
5.80933 12451.5
5.80983 12456.9
5.81033 12462.2
5.81083 12467.6
5.81133 12472.9
5.81183 12478.3
5.81233 12483.6
5.81283 12488.9
5.81333 12494.3
5.81383 12499.6
5.81433 12504.9
5.81483 12510.2
5.81533 12515.5
5.81583 12520.8
5.81633 12526
5.81683 12531.3
5.81733 12536.6
5.81783 12541.8
5.81833 12547.1
5.81883 12552.3
5.81933 12557.5
5.81983 12562.8
5.82033 12568
5.82083 12573.2
5.82133 12578.4
5.82183 12583.5
5.82233 12588.7
5.82283 12593.9
5.82333 12599
5.82383 12604.2
5.82433 12609.3
5.82483 12614.5
5.82533 12619.6
5.82583 12624.7
5.82633 12629.8
5.82683 12634.9
5.82733 12640
5.82783 12645
5.82833 12650.1
5.82883 12655.2
5.82933 12660.2
5.82983 12665.2
5.83033 12670.3
5.83083 12675.3
5.83133 12680.3
5.83183 12685.3
5.83233 12690.3
5.83283 12695.2
5.83334 12700.2
5.83384 12705.1
5.83434 12710.1
5.83484 12715
5.83534 12719.9
5.83584 12724.9
5.83634 12729.7
5.83684 12734.6
5.83734 12739.5
5.83784 12744.4
5.83834 12749.2
5.83884 12754.1
5.83934 12758.9
5.83984 12763.7
5.84034 12768.5
5.84084 12773.3
5.84134 12778.1
5.84184 12782.9
5.84234 12787.7
5.84284 12792.4
5.84334 12797.1
5.84384 12801.9
5.84434 12806.6
5.84484 12811.3
5.84534 12816
5.84584 12820.7
5.84634 12825.3
5.84684 12830
5.84734 12834.6
5.84784 12839.2
5.84834 12843.9
5.84884 12848.5
5.84934 12853
5.84984 12857.6
5.85034 12862.2
5.85084 12866.7
5.85134 12871.3
5.85184 12875.8
5.85234 12880.3
5.85284 12884.8
5.85334 12889.3
5.85384 12893.8
5.85434 12898.2
5.85484 12902.7
5.85534 12907.1
5.85584 12911.5
5.85634 12915.9
5.85684 12920.3
5.85734 12924.7
5.85784 12929
5.85834 12933.4
5.85884 12937.7
5.85935 12942
5.85985 12946.3
5.86035 12950.6
5.86085 12954.9
5.86135 12959.2
5.86185 12963.4
5.86235 12967.7
5.86285 12971.9
5.86335 12976.1
5.86385 12980.3
5.86435 12984.4
5.86485 12988.6
5.86535 12992.7
5.86585 12996.9
5.86635 13001
5.86685 13005.1
5.86735 13009.1
5.86785 13013.2
5.86835 13017.3
5.86885 13021.3
5.86935 13025.3
5.86985 13029.3
5.87035 13033.3
5.87085 13037.3
5.87135 13041.2
5.87185 13045.2
5.87235 13049.1
5.87285 13053
5.87335 13056.9
5.87385 13060.8
5.87435 13064.6
5.87485 13068.4
5.87535 13072.3
5.87585 13076.1
5.87635 13079.9
5.87685 13083.6
5.87735 13087.4
5.87785 13091.1
5.87835 13094.9
5.87885 13098.6
5.87935 13102.3
5.87985 13105.9
5.88035 13109.6
5.88085 13113.2
5.88135 13116.8
5.88185 13120.4
5.88235 13124
5.88285 13127.6
5.88335 13131.1
5.88385 13134.7
5.88435 13138.2
5.88486 13141.7
5.88536 13145.1
5.88586 13148.6
5.88636 13152
5.88686 13155.5
5.88736 13158.9
5.88786 13162.3
5.88836 13165.6
5.88886 13169
5.88936 13140
5.88986 13142.7
5.89036 13145.4
5.89086 13148.1
5.89136 13150.7
5.89186 13153.3
5.89236 13155.9
5.89286 13158.5
5.89336 13161
5.89386 13163.5
5.89436 13166
5.89486 13168.4
5.89536 13170.8
5.89586 13173.2
5.89636 13175.6
5.89686 13177.9
5.89736 13180.2
5.89786 13182.5
5.89836 13184.7
5.89886 13187
5.89936 13189.2
5.89986 13191.3
5.90036 13193.4
5.90086 13195.5
5.90136 13197.6
5.90186 13199.6
5.90236 13201.6
5.90286 13203.6
5.90336 13205.6
5.90386 13207.5
5.90436 13209.4
5.90486 13211.2
5.90536 13213
5.90586 13214.8
5.90636 13216.6
5.90686 13218.3
5.90736 13220
5.90786 13221.7
5.90836 13223.3
5.90886 13224.9
5.90936 13226.4
5.90986 13228
5.91037 13229.5
5.91087 13230.9
5.91137 13232.4
5.91187 13233.8
5.91237 13235.1
5.91287 13236.5
5.91337 13237.8
5.91387 13239
5.91437 13240.3
5.91487 13241.5
5.91537 13242.6
5.91587 13243.8
5.91637 13244.9
5.91687 13245.9
5.91737 13247
5.91787 13247.9
5.91837 13248.9
5.91887 13249.8
5.91937 13250.7
5.91987 13251.6
5.92037 13252.4
5.92087 13253.2
5.92137 13253.9
5.92187 13254.6
5.92237 13255.3
5.92287 13255.9
5.92337 13256.5
5.92387 13257.1
5.92437 13257.6
5.92487 13258.1
5.92537 13258.5
5.92587 13258.9
5.92637 13259.3
5.92687 13259.6
5.92737 13259.9
5.92787 13260.2
5.92837 13260.4
5.92887 13260.6
5.92937 13260.8
5.92987 13260.9
5.93037 13260.9
5.93087 13261
5.93137 13261
5.93187 13260.9
5.93237 13260.8
5.93287 13260.7
5.93337 13260.5
5.93387 13260.3
5.93437 13260.1
5.93487 13259.8
5.93537 13259.5
5.93588 13259.1
5.93638 13258.7
5.93688 13258.3
5.93738 13257.8
5.93788 13257.3
5.93838 13256.7
5.93888 13256.1
5.93938 13255.4
5.93988 13254.8
5.94038 13254
5.94088 13253.2
5.94138 13252.4
5.94188 13251.6
5.94238 13250.7
5.94288 13249.7
5.94338 13248.7
5.94388 13247.7
5.94438 13246.6
5.94488 13245.5
5.94538 13244.4
5.94588 13243.2
5.94638 13241.9
5.94688 13240.7
5.94738 13239.3
5.94788 13237.9
5.94838 13236.5
5.94888 13235.1
5.94938 13233.6
5.94988 13232
5.95038 13230.4
5.95088 13228.8
5.95138 13227.1
5.95188 13225.4
5.95238 13223.6
5.95288 13221.8
5.95338 13219.9
5.95388 13218
5.95438 13216.1
5.95488 13214.1
5.95538 13212
5.95588 13209.9
5.95638 13207.8
5.95688 13205.6
5.95738 13203.4
5.95788 13201.1
5.95838 13198.8
5.95888 13196.4
5.95938 13194
5.95988 13191.5
5.96038 13189
5.96088 13186.4
5.96138 13183.8
5.96189 13181.2
5.96239 13178.4
5.96289 13175.7
5.96339 13172.9
5.96389 13170
5.96439 13167.1
5.96489 13164.2
5.96539 13161.2
5.96589 13158.2
5.96639 13155.1
5.96689 13151.9
5.96739 13148.7
5.96789 13145.5
5.96839 13142.2
5.96889 13138.8
5.96939 13135.5
5.96989 13132
5.97039 13128.5
5.97089 13125
5.97139 13121.4
5.97189 13117.7
5.97239 13114
5.97289 13110.3
5.97339 13106.5
5.97389 13102.6
5.97439 13098.7
5.97489 13094.8
5.97539 13090.8
5.97589 13086.7
5.97639 13082.6
5.97689 13078.5
5.97739 13074.3
5.97789 13070
5.97839 13065.7
5.97889 13061.3
5.97939 13056.9
5.97989 13052.4
5.98039 13047.9
5.98089 13043.3
5.98139 13038.6
5.98189 13034
5.98239 13029.2
5.98289 13024.4
5.98339 13019.6
5.98389 13014.7
5.98439 13009.7
5.98489 13004.7
5.98539 12999.6
5.98589 12994.5
5.98639 12989.3
5.98689 12984.1
5.9874 12978.8
5.9879 12973.4
5.9884 12968
5.9889 12962.6
5.9894 12957
5.9899 12951.5
5.9904 12945.8
5.9909 12940.2
5.9914 12934.4
5.9919 12928.6
5.9924 12922.8
5.9929 12916.9
5.9934 12910.9
5.9939 12904.9
5.9944 12898.8
5.9949 12892.7
5.9954 12886.5
5.9959 12880.2
5.9964 12873.9
5.9969 12867.5
5.9974 12861.1
5.9979 12854.6
5.9984 12848.1
5.9989 12841.5
5.9994 12834.8
5.9999 12828.1
