5.2 6437.72
5.20025 6430.11
5.2005 6422.51
5.20075 6414.92
5.201 6407.35
5.20125 6399.79
5.2015 6392.24
5.20175 6384.71
5.202 6377.19
5.20225 6369.69
5.2025 6362.21
5.20275 6354.74
5.203 6347.29
5.20325 6339.85
5.2035 6332.43
5.20375 6325.03
5.204 6317.65
5.20425 6310.28
5.2045 6302.94
5.20475 6295.61
5.205 6288.3
5.20525 6281.01
5.2055 6273.75
5.20575 6266.5
5.206 6259.27
5.20625 6252.07
5.2065 6244.89
5.20675 6237.73
5.207 8146.63
5.20725 8139.53
5.2075 8132.45
5.20775 8125.39
5.208 8118.34
5.20825 8111.32
5.2085 8104.32
5.20875 8097.35
5.209 8090.39
5.20925 8083.46
5.2095 8076.55
5.20975 8069.66
5.21001 8062.8
5.21026 8055.96
5.21051 8049.14
5.21076 8042.34
5.21101 8035.58
5.21126 8028.83
5.21151 8022.11
5.21176 8015.42
5.21201 8008.75
5.21226 8002.11
5.21251 7995.49
5.21276 7988.9
5.21301 7982.33
5.21326 7975.8
5.21351 7969.29
5.21376 7962.8
5.21401 7956.35
5.21426 7949.92
5.21451 7943.52
5.21476 7937.15
5.21501 7930.81
5.21526 7924.5
5.21551 7918.22
5.21576 7911.97
5.21601 7905.74
5.21626 7899.55
5.21651 7893.39
5.21676 7887.26
5.21701 7881.16
5.21726 7875.09
5.21751 7869.06
5.21776 7863.05
5.21801 7857.08
5.21826 7851.14
5.21851 7845.24
5.21876 7839.37
5.21901 7833.53
5.21926 7827.72
5.21951 7821.95
5.21976 7816.21
5.22001 7810.51
5.22026 7804.85
5.22051 7799.21
5.22076 7793.62
5.22101 7788.06
5.22126 7782.53
5.22151 7777.05
5.22176 7771.59
5.22201 7766.18
5.22226 7760.8
5.22251 7755.46
5.22276 7750.16
5.22301 7744.9
5.22326 7739.67
5.22351 7734.49
5.22376 7729.34
5.22401 7724.23
5.22426 7719.17
5.22451 7714.14
5.22476 7709.15
5.22501 7704.2
5.22526 7699.29
5.22551 7694.43
5.22576 7689.6
5.22601 7684.82
5.22626 7680.08
5.22651 7675.38
5.22676 7670.72
5.22701 7666.11
5.22726 7661.54
5.22751 7657.01
5.22776 7652.53
5.22801 7648.09
5.22826 7643.69
5.22851 7639.34
5.22876 7635.04
5.22901 7630.78
5.22926 7626.56
5.22951 7622.39
5.22976 7618.27
5.23002 7614.19
5.23027 7610.16
5.23052 7606.17
5.23077 7602.23
5.23102 7598.34
5.23127 7594.5
5.23152 7590.71
5.23177 7586.96
5.23202 7583.26
5.23227 7579.61
5.23252 7576.01
5.23277 7572.46
5.23302 7568.96
5.23327 7565.51
5.23352 7562.11
5.23377 7558.76
5.23402 7555.46
5.23427 7552.21
5.23452 7549.02
5.23477 7545.87
5.23502 7542.78
5.23527 7539.74
5.23552 7536.75
5.23577 7533.81
5.23602 7530.93
5.23627 7528.1
5.23652 7525.33
5.23677 7522.61
5.23702 7519.94
5.23727 7517.33
5.23752 7514.77
5.23777 7512.27
5.23802 7509.82
5.23827 7507.43
5.23852 7505.1
5.23877 7502.82
5.23902 7500.6
5.23927 7498.43
5.23952 7496.32
5.23977 7494.27
5.24002 7492.28
5.24027 7490.35
5.24052 7488.47
5.24077 7486.65
5.24102 7484.89
5.24127 7483.19
5.24152 8924.21
5.24177 8921.29
5.24202 8918.42
5.24227 8915.58
5.24252 8912.8
5.24277 8910.05
5.24302 8907.35
5.24327 8904.69
5.24352 8902.07
5.24377 8899.5
5.24402 8896.97
5.24427 8894.48
5.24452 8892.04
5.24477 8889.64
5.24502 8887.28
5.24527 8884.97
5.24552 8882.7
5.24577 8880.47
5.24602 8878.29
5.24627 8876.15
5.24652 8874.05
5.24677 8872
5.24702 8870
5.24727 8868.03
5.24752 8866.11
5.24777 8864.24
5.24802 8862.4
5.24827 8860.62
5.24852 8858.87
5.24877 8857.17
5.24902 8855.52
5.24927 8853.9
5.24952 8852.34
5.24977 8850.81
5.25003 8849.33
5.25028 8847.9
5.25053 8846.51
5.25078 8845.16
5.25103 8843.86
5.25128 8842.6
5.25153 8841.39
5.25178 8840.22
5.25203 8839.1
5.25228 8838.02
5.25253 8836.99
5.25278 8836
5.25303 8835.05
5.25328 8834.15
5.25353 8833.3
5.25378 8832.49
5.25403 8831.72
5.25428 8831
5.25453 8830.33
5.25478 8829.7
5.25503 8829.12
5.25528 8828.58
5.25553 8828.08
5.25578 8827.63
5.25603 8827.23
5.25628 8826.87
5.25653 8826.56
5.25678 8826.29
5.25703 8826.07
5.25728 8825.89
5.25753 8825.76
5.25778 8825.67
5.25803 8825.63
5.25828 8825.64
5.25853 8825.69
5.25878 8825.79
5.25903 8825.93
5.25928 8826.12
5.25953 8826.35
5.25978 8826.63
5.26003 8826.96
5.26028 8827.33
5.26053 8827.75
5.26078 8828.22
5.26103 8828.73
5.26128 8829.29
5.26153 8829.89
5.26178 8830.54
5.26203 8831.23
5.26228 8831.98
5.26253 8832.76
5.26278 8833.6
5.26303 8834.48
5.26328 8835.41
5.26353 8836.38
5.26378 8837.4
5.26403 8838.47
5.26428 8839.59
5.26453 8840.75
5.26478 8841.96
5.26503 8843.21
5.26528 8844.51
5.26553 8845.86
5.26578 8847.26
5.26603 8848.7
5.26628 8850.19
5.26653 8851.73
5.26678 8853.31
5.26703 8854.94
5.26728 8856.62
5.26753 8858.34
5.26778 8860.12
5.26803 8861.93
5.26828 8863.8
5.26853 8865.72
5.26878 8867.68
5.26903 8869.69
5.26928 8871.75
5.26953 8873.85
5.26978 8876
5.27004 8878.2
5.27029 8880.45
5.27054 8882.74
5.27079 8885.09
5.27104 8887.48
5.27129 8889.92
5.27154 8892.4
5.27179 8894.94
5.27204 8897.52
5.27229 8900.15
5.27254 8902.83
5.27279 8905.56
5.27304 8908.33
5.27329 8911.16
5.27354 8914.03
5.27379 8916.95
5.27404 8919.91
5.27429 8922.93
5.27454 8926
5.27479 8929.11
5.27504 8932.27
5.27529 8935.48
5.27554 8938.74
5.27579 8942.05
5.27604 7780.19
5.27629 7783.29
5.27654 7786.42
5.27679 7789.58
5.27704 7792.78
5.27729 7796.01
5.27754 7799.28
5.27779 7802.57
5.27804 7805.91
5.27829 7809.27
5.27854 7812.67
5.27879 7816.1
5.27904 7819.57
5.27929 7823.07
5.27954 7826.6
5.27979 7830.16
5.28004 7833.75
5.28029 7837.38
5.28054 7841.04
5.28079 7844.73
5.28104 7848.45
5.28129 7852.2
5.28154 7855.99
5.28179 7859.8
5.28204 7863.65
5.28229 7867.53
5.28254 7871.44
5.28279 7875.38
5.28304 7879.35
5.28329 7883.35
5.28354 7887.38
5.28379 7891.44
5.28404 7895.53
5.28429 7899.65
5.28454 7903.8
5.28479 7907.98
5.28504 7912.19
5.28529 7916.43
5.28554 7920.69
5.28579 7924.99
5.28604 7929.31
5.28629 7933.67
5.28654 7938.05
5.28679 7942.46
5.28704 7946.89
5.28729 7951.36
5.28754 7955.85
5.28779 7960.37
5.28804 7964.92
5.28829 7969.5
5.28854 7974.1
5.28879 7978.73
5.28904 7983.39
5.28929 7988.07
5.28954 7992.79
5.28979 7997.52
5.29005 8002.29
5.2903 8007.08
5.29055 8011.89
5.2908 8016.73
5.29105 8021.6
5.2913 8026.5
5.29155 8031.41
5.2918 8036.36
5.29205 8041.33
5.2923 8046.32
5.29255 8051.34
5.2928 8056.38
5.29305 8061.45
5.2933 8066.55
5.29355 8071.66
5.2938 8076.8
5.29405 8081.97
5.2943 8087.16
5.29455 8092.37
5.2948 8097.61
5.29505 8102.87
5.2953 8108.15
5.29555 8113.46
5.2958 8118.79
5.29605 8124.14
5.2963 8129.51
5.29655 8134.91
5.2968 8140.33
5.29705 8145.77
5.2973 8151.24
5.29755 8156.72
5.2978 8162.23
5.29805 8167.76
5.2983 8173.31
5.29855 8178.88
5.2988 8184.47
5.29905 8190.09
5.2993 8195.72
5.29955 8201.38
5.2998 8207.06
5.30005 8212.75
5.3003 8218.47
5.30055 8224.21
5.3008 8229.97
5.30105 8235.74
5.3013 8241.54
5.30155 8247.36
5.3018 8253.19
5.30205 8259.05
5.3023 8264.92
5.30255 8270.82
5.3028 8276.73
5.30305 8282.66
5.3033 8288.61
5.30355 8294.58
5.3038 8300.56
5.30405 8306.57
5.3043 8312.59
5.30455 8318.63
5.3048 8324.69
5.30505 8330.76
5.3053 8336.86
5.30555 8342.97
5.3058 8349.09
5.30605 8355.24
5.3063 8361.4
5.30655 8367.57
5.3068 8373.77
5.30705 8379.98
5.3073 8386.2
5.30755 8392.45
5.3078 8398.7
5.30805 8404.98
5.3083 8411.27
5.30855 8417.57
5.3088 8423.89
5.30905 8430.23
5.3093 8436.58
5.30955 8442.94
5.3098 8449.32
5.31006 8455.72
5.31031 8462.13
5.31056 7956.11
5.31081 7961.4
5.31106 7966.7
5.31131 7972
5.31156 7977.32
5.31181 7982.64
5.31206 7987.97
5.31231 7993.31
5.31256 7998.65
5.31281 8004
5.31306 8009.36
5.31331 8014.73
5.31356 8020.1
5.31381 8025.48
5.31406 8030.86
5.31431 8036.25
5.31456 8041.65
5.31481 8047.05
5.31506 8052.45
5.31531 8057.87
5.31556 8063.28
5.31581 8068.7
5.31606 8074.13
5.31631 8079.56
5.31656 8084.99
5.31681 8090.43
5.31706 8095.87
5.31731 8101.32
5.31756 8106.77
5.31781 8112.22
5.31806 8117.67
5.31831 8123.13
5.31856 8128.59
5.31881 8134.05
5.31906 8139.52
5.31931 8144.99
5.31956 8150.46
5.31981 8155.93
5.32006 8161.4
5.32031 8166.87
5.32056 8172.35
5.32081 8177.82
5.32106 8183.3
5.32131 8188.77
5.32156 8194.25
5.32181 8199.73
5.32206 8205.21
5.32231 8210.68
5.32256 8216.16
5.32281 8221.64
5.32306 8227.11
5.32331 8232.58
5.32356 8238.06
5.32381 8243.53
5.32406 8249
5.32431 8254.47
5.32456 8259.93
5.32481 8265.4
5.32506 8270.86
5.32531 8276.32
5.32556 8281.77
5.32581 8287.23
5.32606 8292.68
5.32631 8298.12
5.32656 8303.57
5.32681 8309.01
5.32706 8314.44
5.32731 8319.87
5.32756 8325.3
5.32781 8330.72
5.32806 8336.14
5.32831 8341.56
5.32856 8346.97
5.32881 8352.37
5.32906 8357.77
5.32931 8363.16
5.32956 8368.55
5.32981 8373.93
5.33007 8379.3
5.33032 8384.67
5.33057 8390.03
5.33082 8395.39
5.33107 8400.73
5.33132 8406.07
5.33157 8411.41
5.33182 8416.73
5.33207 8422.05
5.33232 8427.36
5.33257 8432.67
5.33282 8437.96
5.33307 8443.25
5.33332 8448.52
5.33357 8453.79
5.33382 8459.05
5.33407 8464.3
5.33432 8469.54
5.33457 8474.77
5.33482 8479.99
5.33507 8485.2
5.33532 8490.4
5.33557 8495.59
5.33582 8500.77
5.33607 8505.94
5.33632 8511.1
5.33657 8516.25
5.33682 8521.39
5.33707 8526.51
5.33732 8531.62
5.33757 8536.72
5.33782 8541.81
5.33807 8546.89
5.33832 8551.95
5.33857 8557
5.33882 8562.04
5.33907 8567.07
5.33932 8572.08
5.33957 8577.08
5.33982 8582.06
5.34007 8587.03
5.34032 8591.99
5.34057 8596.93
5.34082 8601.86
5.34107 8606.78
5.34132 8611.68
5.34157 8616.56
5.34182 8621.43
5.34207 8626.28
5.34232 8631.12
5.34257 8635.94
5.34282 8640.75
5.34307 8645.54
5.34332 8650.32
5.34357 8655.07
5.34382 8659.82
5.34407 8664.54
5.34432 8669.25
5.34457 8673.94
5.34482 8678.61
5.34507 8255.53
5.34532 8261.6
5.34557 8267.65
5.34582 8273.68
5.34607 8279.71
5.34632 8285.72
5.34657 8291.72
5.34682 8297.7
5.34707 8303.67
5.34732 8309.62
5.34757 8315.56
5.34782 8321.49
5.34807 8327.4
5.34832 8333.3
5.34857 8339.19
5.34882 8345.05
5.34907 8350.91
5.34932 8356.75
5.34957 8362.57
5.34982 8368.38
5.35008 8374.18
5.35033 8379.95
5.35058 8385.72
5.35083 8391.46
5.35108 8397.2
5.35133 8402.91
5.35158 8408.61
5.35183 8414.3
5.35208 8419.96
5.35233 8425.61
5.35258 8431.25
5.35283 8436.87
5.35308 8442.47
5.35333 8448.05
5.35358 8453.62
5.35383 8459.17
5.35408 8464.71
5.35433 8470.23
5.35458 8475.73
5.35483 8481.21
5.35508 8486.67
5.35533 8492.12
5.35558 8497.55
5.35583 8502.96
5.35608 8508.35
5.35633 8513.73
5.35658 8519.08
5.35683 8524.42
5.35708 8529.74
5.35733 8535.04
5.35758 8540.33
5.35783 8545.59
5.35808 8550.84
5.35833 8556.06
5.35858 8561.27
5.35883 8566.46
5.35908 8571.62
5.35933 8576.77
5.35958 8581.9
5.35983 8587.01
5.36008 8592.1
5.36033 8597.17
5.36058 8602.22
5.36083 8607.25
5.36108 8612.26
5.36133 8617.25
5.36158 8622.21
5.36183 8627.16
5.36208 8632.09
5.36233 8636.99
5.36258 8641.88
5.36283 8646.74
5.36308 8651.58
5.36333 8656.4
5.36358 8661.2
5.36383 8665.98
5.36408 8670.73
5.36433 8675.47
5.36458 8680.18
5.36483 8684.87
5.36508 8689.54
5.36533 8694.18
5.36558 8698.81
5.36583 8703.41
5.36608 8707.99
5.36633 8712.54
5.36658 8717.07
5.36683 8721.58
5.36708 8726.07
5.36733 8730.53
5.36758 8734.97
5.36783 8739.39
5.36808 8743.78
5.36833 8748.15
5.36858 8752.5
5.36883 8756.82
5.36908 8761.12
5.36933 8765.39
5.36958 8769.64
5.36983 8773.87
5.37009 8778.07
5.37034 8782.24
5.37059 8786.39
5.37084 8790.52
5.37109 8794.62
5.37134 8798.7
5.37159 8802.75
5.37184 8806.77
5.37209 8810.77
5.37234 8814.75
5.37259 8818.7
5.37284 8822.62
5.37309 8826.52
5.37334 8830.39
5.37359 8834.24
5.37384 8838.06
5.37409 8841.85
5.37434 8845.62
5.37459 8849.36
5.37484 8853.07
5.37509 8856.76
5.37534 8860.42
5.37559 8864.05
5.37584 8867.66
5.37609 8871.24
5.37634 8874.79
5.37659 8878.31
5.37684 8881.81
5.37709 8885.28
5.37734 8888.72
5.37759 8892.13
5.37784 8895.51
5.37809 8898.87
5.37834 8902.2
5.37859 8905.5
5.37884 8908.77
5.37909 8912.01
5.37934 9498.33
5.37959 9502.23
5.37984 9506.11
5.38009 9509.96
5.38034 9513.8
5.38059 9517.61
5.38084 9521.4
5.38109 9525.17
5.38134 9528.92
5.38159 9532.65
5.38184 9536.36
5.38209 9540.05
5.38234 9543.72
5.38259 9547.36
5.38284 9550.99
5.38309 9554.59
5.38334 9558.17
5.38359 9561.73
5.38384 9565.28
5.38409 9568.8
5.38434 9572.29
5.38459 9575.77
5.38484 9579.23
5.38509 9582.66
5.38534 9586.08
5.38559 9589.47
5.38584 9592.85
5.38609 9596.2
5.38634 9599.53
5.38659 9602.84
5.38684 9606.13
5.38709 9609.4
5.38734 9612.64
5.38759 9615.87
5.38784 9619.07
5.38809 9622.26
5.38834 9625.42
5.38859 9628.56
5.38884 9631.68
5.38909 9634.78
5.38934 9637.86
5.38959 9640.92
5.38984 9643.96
5.3901 9646.97
5.39035 9649.97
5.3906 9652.94
5.39085 9655.89
5.3911 9658.82
5.39135 9661.73
5.3916 9664.62
5.39185 9667.49
5.3921 9670.34
5.39235 9673.16
5.3926 9675.97
5.39285 9678.75
5.3931 9681.51
5.39335 9684.26
5.3936 9686.98
5.39385 9689.68
5.3941 9692.36
5.39435 9695.01
5.3946 9697.65
5.39485 9700.26
5.3951 9702.86
5.39535 9705.43
5.3956 9707.98
5.39585 9710.51
5.3961 9713.02
5.39635 9715.51
5.3966 9717.98
5.39685 9720.42
5.3971 9722.85
5.39735 9725.25
5.3976 9727.64
5.39785 9730
5.3981 9732.34
5.39835 9734.66
5.3986 9736.96
5.39885 9739.23
5.3991 9741.49
5.39935 9743.72
5.3996 9745.94
5.39985 9748.13
5.4001 9750.3
5.40035 9752.45
5.4006 9754.58
5.40085 9756.69
5.4011 9758.77
5.40135 9760.84
5.4016 9762.88
5.40185 9764.91
5.4021 9766.91
5.40235 9768.89
5.4026 9770.85
5.40285 9772.79
5.4031 9774.71
5.40335 9776.6
5.4036 9778.48
5.40385 9780.33
5.4041 9782.16
5.40435 9783.97
5.4046 9785.76
5.40485 9787.53
5.4051 9789.28
5.40535 9791
5.4056 9792.71
5.40585 9794.39
5.4061 9796.06
5.40635 9797.7
5.4066 9799.32
5.40685 9800.92
5.4071 9802.49
5.40735 9804.05
5.4076 9805.59
5.40785 9807.1
5.4081 9808.59
5.40835 9810.06
5.4086 9811.51
5.40885 9812.94
5.4091 9814.35
5.40935 9815.74
5.4096 9817.1
5.40985 9818.44
5.41011 9819.77
5.41036 9821.07
5.41061 9822.35
5.41086 9823.61
5.41111 9824.84
5.41136 9826.06
5.41161 9827.25
5.41186 9828.43
5.41211 9829.58
5.41236 9830.71
5.41261 9831.82
5.41286 9832.91
5.41311 9833.97
5.41336 9835.02
5.41361 9836.04
5.41386 9788.35
5.41411 9789.06
5.41436 9789.75
5.41461 9790.43
5.41486 9791.08
5.41511 9791.73
5.41536 9792.35
5.41561 9792.96
5.41586 9793.56
5.41611 9794.14
5.41636 9794.7
5.41661 9795.24
5.41686 9795.78
5.41711 9796.29
5.41736 9796.79
5.41761 9797.27
5.41786 9797.74
5.41811 9798.19
5.41836 9798.63
5.41861 9799.05
5.41886 9799.46
5.41911 9799.85
5.41936 9800.23
5.41961 9800.59
5.41986 9800.94
5.42011 9801.27
5.42036 9801.58
5.42061 9801.89
5.42086 9802.17
5.42111 9802.44
5.42136 9802.7
5.42161 9802.95
5.42186 9803.17
5.42211 9803.39
5.42236 9803.59
5.42261 9803.77
5.42286 9803.94
5.42311 9804.1
5.42336 9804.24
5.42361 9804.37
5.42386 9804.49
5.42411 9804.59
5.42436 9804.68
5.42461 9804.75
5.42486 9804.81
5.42511 9804.85
5.42536 9804.89
5.42561 9804.91
5.42586 9804.91
5.42611 9804.9
5.42636 9804.88
5.42661 9804.85
5.42686 9804.8
5.42711 9804.74
5.42736 9804.66
5.42761 9804.58
5.42786 9804.48
5.42811 9804.36
5.42836 9804.24
5.42861 9804.1
5.42886 9803.95
5.42911 9803.78
5.42936 9803.61
5.42961 9803.42
5.42986 9803.22
5.43012 9803
5.43037 9802.77
5.43062 9802.54
5.43087 9802.29
5.43112 9802.02
5.43137 9801.75
5.43162 9801.46
5.43187 9801.16
5.43212 9800.85
5.43237 9800.53
5.43262 9800.19
5.43287 9799.85
5.43312 9799.49
5.43337 9799.12
5.43362 9798.74
5.43387 9798.35
5.43412 9797.94
5.43437 9797.53
5.43462 9797.1
5.43487 9796.67
5.43512 9796.22
5.43537 9795.76
5.43562 9795.29
5.43587 9794.81
5.43612 9794.31
5.43637 9793.81
5.43662 9793.3
5.43687 9792.77
5.43712 9792.24
5.43737 9791.69
5.43762 9791.14
5.43787 9790.57
5.43812 9789.99
5.43837 9789.41
5.43862 9788.81
5.43887 9788.2
5.43912 9787.58
5.43937 9786.96
5.43962 9786.32
5.43987 9785.67
5.44012 9785.01
5.44037 9784.35
5.44062 9783.67
5.44087 9782.98
5.44112 9782.29
5.44137 9781.58
5.44162 9780.87
5.44187 9780.14
5.44212 9779.41
5.44237 9778.67
5.44262 9777.91
5.44287 9777.15
5.44312 9776.38
5.44337 9775.6
5.44362 9774.82
5.44387 9774.02
5.44412 9773.21
5.44437 9772.4
5.44462 9771.57
5.44487 9770.74
5.44512 9769.9
5.44537 9769.05
5.44562 9768.2
5.44587 9767.33
5.44612 9766.46
5.44637 9765.57
5.44662 9764.68
5.44687 9763.78
5.44712 9762.88
5.44737 9761.96
5.44762 9761.04
5.44787 9760.11
5.44812 9759.17
5.44837 9097.24
5.44862 9095.69
5.44887 9094.12
5.44912 9092.55
5.44937 9090.97
5.44962 9089.38
5.44987 9087.79
5.45013 9086.19
5.45038 9084.58
5.45063 9082.97
5.45088 9081.35
5.45113 9079.72
5.45138 9078.09
5.45163 9076.45
5.45188 9074.81
5.45213 9073.15
5.45238 9071.5
5.45263 9069.83
5.45288 9068.16
5.45313 9066.49
5.45338 9064.8
5.45363 9063.12
5.45388 9061.42
5.45413 9059.72
5.45438 9058.02
5.45463 9056.31
5.45488 9054.59
5.45513 9052.87
5.45538 9051.14
5.45563 9049.41
5.45588 9047.67
5.45613 9045.92
5.45638 9044.17
5.45663 9042.42
5.45688 9040.66
5.45713 9038.89
5.45738 9037.12
5.45763 9035.35
5.45788 9033.57
5.45813 9031.78
5.45838 9029.99
5.45863 9028.19
5.45888 9026.4
5.45913 9024.59
5.45938 9022.78
5.45963 9020.97
5.45988 9019.15
5.46013 9017.33
5.46038 9015.5
5.46063 9013.67
5.46088 9011.83
5.46113 9009.99
5.46138 9008.14
5.46163 9006.3
5.46188 9004.44
5.46213 9002.59
5.46238 9000.72
5.46263 8998.86
5.46288 8996.99
5.46313 8995.12
5.46338 8993.24
5.46363 8991.36
5.46388 8989.48
5.46413 8987.59
5.46438 8985.7
5.46463 8983.8
5.46488 8981.9
5.46513 8980
5.46538 8978.1
5.46563 8976.19
5.46588 8974.28
5.46613 8972.36
5.46638 8970.44
5.46663 8968.52
5.46688 8966.6
5.46713 8964.67
5.46738 8962.74
5.46763 8960.81
5.46788 8958.87
5.46813 8956.94
5.46838 8954.99
5.46863 8953.05
5.46888 8951.1
5.46913 8949.16
5.46938 8947.2
5.46963 8945.25
5.46988 8943.29
5.47014 8941.34
5.47039 8939.37
5.47064 8937.41
5.47089 8935.45
5.47114 8933.48
5.47139 8931.51
5.47164 8929.54
5.47189 8927.56
5.47214 8925.59
5.47239 8923.61
5.47264 8921.63
5.47289 8919.65
5.47314 8917.67
5.47339 8915.69
5.47364 8913.7
5.47389 8911.72
5.47414 8909.73
5.47439 8907.74
5.47464 8905.75
5.47489 8903.75
5.47514 8901.76
5.47539 8899.77
5.47564 8897.77
5.47589 8895.77
5.47614 8893.78
5.47639 8891.78
5.47664 8889.78
5.47689 8887.78
5.47714 8885.78
5.47739 8883.77
5.47764 8881.77
5.47789 8879.77
5.47814 8877.76
5.47839 8875.76
5.47864 8873.75
5.47889 8871.75
5.47914 8869.74
5.47939 8867.74
5.47964 8865.73
5.47989 8863.72
5.48014 8861.72
5.48039 8859.71
5.48064 8857.7
5.48089 8855.7
5.48114 8853.69
5.48139 8851.68
5.48164 8849.68
5.48189 8847.67
5.48214 8845.67
5.48239 8843.66
5.48264 8841.66
5.48289 9630.18
5.48314 9628.78
5.48339 9627.38
5.48364 9625.97
5.48389 9624.57
5.48414 9623.15
5.48439 9621.73
5.48464 9620.31
5.48489 9618.89
5.48514 9617.46
5.48539 9616.02
5.48564 9614.58
5.48589 9613.14
5.48614 9611.7
5.48639 9610.24
5.48664 9608.79
5.48689 9607.33
5.48714 9605.87
5.48739 9604.4
5.48764 9602.93
5.48789 9601.45
5.48814 9599.97
5.48839 9598.49
5.48864 9597
5.48889 9595.5
5.48914 9594.01
5.48939 9592.5
5.48964 9591
5.48989 9589.49
5.49015 9587.97
5.4904 9586.45
5.49065 9584.93
5.4909 9583.4
5.49115 9581.87
5.4914 9580.33
5.49165 9578.79
5.4919 9577.24
5.49215 9575.69
5.4924 9574.14
5.49265 9572.58
5.4929 9571.02
5.49315 9569.45
5.4934 9567.88
5.49365 9566.3
5.4939 9564.72
5.49415 9563.13
5.4944 9561.54
5.49465 9559.95
5.4949 9558.35
5.49515 9556.75
5.4954 9555.14
5.49565 9553.53
5.4959 9551.91
5.49615 9550.29
5.4964 9548.66
5.49665 9547.03
5.4969 9545.39
5.49715 9543.75
5.4974 9542.11
5.49765 9540.46
5.4979 9538.81
5.49815 9537.15
5.4984 9535.49
5.49865 9533.82
5.4989 9532.15
5.49915 9530.47
5.4994 9528.79
5.49965 9527.1
5.4999 9525.41
5.50015 9523.71
5.5004 9522.01
5.50065 9520.31
5.5009 9518.6
5.50115 9516.88
5.5014 9515.16
5.50165 9513.44
5.5019 9511.71
5.50215 9509.98
5.5024 9508.24
5.50265 9506.5
5.5029 9504.75
5.50315 9502.99
5.5034 9501.24
5.50365 9499.47
5.5039 9497.71
5.50415 9495.93
5.5044 9494.16
5.50465 9492.38
5.5049 9490.59
5.50515 9488.8
5.5054 9487
5.50565 9485.2
5.5059 9483.39
5.50615 9481.58
5.5064 9479.77
5.50665 9477.95
5.5069 9476.12
5.50715 9474.29
5.5074 9472.45
5.50765 9470.61
5.5079 9468.77
5.50815 9466.92
5.5084 9465.06
5.50865 9463.2
5.5089 9461.33
5.50915 9459.46
5.5094 9457.59
5.50965 9455.71
5.5099 9453.82
5.51016 9451.93
5.51041 9450.03
5.51066 9448.13
5.51091 9446.23
5.51116 9444.32
5.51141 9442.4
5.51166 9440.48
5.51191 9438.55
5.51216 9436.62
5.51241 9434.68
5.51266 9432.74
5.51291 9430.8
5.51316 9428.84
5.51341 9426.89
5.51366 9424.92
5.51391 9422.96
5.51416 9420.98
5.51441 9419.01
5.51466 9417.02
5.51491 9415.03
5.51516 9413.04
5.51541 9411.04
5.51566 9409.04
5.51591 9407.03
5.51616 9405.01
5.51641 9402.99
5.51666 9400.97
5.51691 9398.94
5.51716 9396.9
5.51741 9533.9
5.51766 9531.03
5.51791 9528.15
5.51816 9525.27
5.51841 9522.37
5.51866 9519.47
5.51891 9516.55
5.51916 9513.63
5.51941 9510.69
5.51966 9507.75
5.51991 9504.79
5.52016 9501.83
5.52041 9498.85
5.52066 9495.87
5.52091 9492.87
5.52116 9489.87
5.52141 9486.86
5.52166 9483.83
5.52191 9480.8
5.52216 9477.75
5.52241 9474.69
5.52266 9471.63
5.52291 9468.55
5.52316 9465.46
5.52341 9462.36
5.52366 9459.25
5.52391 9456.13
5.52416 9453
5.52441 9449.86
5.52466 9446.71
5.52491 9443.54
5.52516 9440.37
5.52541 9437.18
5.52566 9433.98
5.52591 9430.77
5.52616 9427.55
5.52641 9424.32
5.52666 9421.07
5.52691 9417.82
5.52716 9414.55
5.52741 9411.27
5.52766 9407.98
5.52791 9404.67
5.52816 9401.36
5.52841 9398.03
5.52866 9394.69
5.52891 9391.34
5.52916 9387.98
5.52941 9384.6
5.52966 9381.21
5.52991 9377.81
5.53017 9374.4
5.53042 9370.97
5.53067 9367.53
5.53092 9364.08
5.53117 9360.62
5.53142 9357.14
5.53167 9353.65
5.53192 9350.15
5.53217 9346.63
5.53242 9343.1
5.53267 9339.56
5.53292 9336.01
5.53317 9332.44
5.53342 9328.86
5.53367 9325.26
5.53392 9321.65
5.53417 9318.03
5.53442 9314.4
5.53467 9310.75
5.53492 9307.08
5.53517 9303.41
5.53542 9299.71
5.53567 9296.01
5.53592 9292.29
5.53617 9288.56
5.53642 9284.81
5.53667 9281.05
5.53692 9277.27
5.53717 9273.48
5.53742 9269.68
5.53767 9265.86
5.53792 9262.03
5.53817 9258.18
5.53842 9254.32
5.53867 9250.44
5.53892 9246.55
5.53917 9242.64
5.53942 9238.72
5.53967 9234.78
5.53992 9230.83
5.54017 9226.86
5.54042 9222.88
5.54067 9218.88
5.54092 9214.87
5.54117 9210.84
5.54142 9206.8
5.54167 9202.74
5.54192 9198.67
5.54217 9194.58
5.54242 9190.47
5.54267 9186.35
5.54292 9182.21
5.54317 9178.06
5.54342 9173.89
5.54367 9169.7
5.54392 9165.5
5.54417 9161.28
5.54442 9157.05
5.54467 9152.8
5.54492 9148.53
5.54517 9144.25
5.54542 9139.95
5.54567 9135.63
5.54592 9131.3
5.54617 9126.95
5.54642 9122.59
5.54667 9118.2
5.54692 9113.8
5.54717 9109.39
5.54742 9104.95
5.54767 9100.5
5.54792 9096.04
5.54817 9091.55
5.54842 9087.05
5.54867 9082.53
5.54892 9077.99
5.54917 9073.44
5.54942 9068.87
5.54967 9064.28
5.54992 9059.67
5.55018 9055.04
5.55043 9050.4
5.55068 9045.74
5.55093 9041.06
5.55118 9036.36
5.55143 9031.65
5.55168 9026.92
5.55193 9819.29
5.55218 9814.19
5.55243 9809.07
5.55268 9803.94
5.55293 9798.78
5.55318 9793.61
5.55343 9788.42
5.55368 9783.21
5.55393 9777.98
5.55418 9772.74
5.55443 9767.47
5.55468 9762.19
5.55493 9756.89
5.55518 9751.57
5.55543 9746.23
5.55568 9740.87
5.55593 9735.49
5.55618 9730.1
5.55643 9724.68
5.55668 9719.25
5.55693 9713.79
5.55718 9708.32
5.55743 9702.83
5.55768 9697.32
5.55793 9691.78
5.55818 9686.23
5.55843 9680.66
5.55868 9675.07
5.55893 9669.46
5.55918 9663.83
5.55943 9658.19
5.55968 9652.52
5.55993 9646.83
5.56018 9641.12
5.56043 9635.39
5.56068 9629.64
5.56093 9623.87
5.56118 9618.08
5.56143 9612.28
5.56168 9606.45
5.56193 9600.6
5.56218 9594.73
5.56243 9588.84
5.56268 9582.93
5.56293 9576.99
5.56318 9571.04
5.56343 9565.07
5.56368 9559.08
5.56393 9553.06
5.56418 9547.03
5.56443 9540.97
5.56468 9534.89
5.56493 9528.8
5.56518 9522.68
5.56543 9516.54
5.56568 9510.38
5.56593 9504.19
5.56618 9497.99
5.56643 9491.76
5.56668 9485.52
5.56693 9479.25
5.56718 9472.96
5.56743 9466.65
5.56768 9460.32
5.56793 9453.96
5.56818 9447.59
5.56843 9441.19
5.56868 9434.77
5.56893 9428.33
5.56918 9421.87
5.56943 9415.38
5.56968 9408.87
5.56993 9402.34
5.57019 9395.79
5.57044 9389.22
5.57069 9382.62
5.57094 9376.01
5.57119 9369.36
5.57144 9362.7
5.57169 9356.02
5.57194 9349.31
5.57219 9342.58
5.57244 9335.82
5.57269 9329.05
5.57294 9322.25
5.57319 9315.43
5.57344 9308.58
5.57369 9301.71
5.57394 9294.82
5.57419 9287.91
5.57444 9280.97
5.57469 9274.01
5.57494 9267.03
5.57519 9260.02
5.57544 9252.99
5.57569 9245.94
5.57594 9238.86
5.57619 9231.76
5.57644 9224.64
5.57669 9217.49
5.57694 9210.32
5.57719 9203.13
5.57744 9195.91
5.57769 9188.67
5.57794 9181.4
5.57819 9174.11
5.57844 9166.8
5.57869 9159.46
5.57894 9152.1
5.57919 9144.71
5.57944 9137.3
5.57969 9129.86
5.57994 9122.41
5.58019 9114.92
5.58044 9107.41
5.58069 9099.88
5.58094 9092.32
5.58119 9084.74
5.58144 9077.14
5.58169 9069.5
5.58194 9061.85
5.58219 9054.17
5.58244 9046.46
5.58269 9038.73
5.58294 9030.98
5.58319 9023.2
5.58344 9015.39
5.58369 9007.56
5.58394 8999.7
5.58419 8991.82
5.58444 8983.91
5.58469 8975.98
5.58494 8968.02
5.58519 8960.04
5.58544 8952.03
5.58569 8944
5.58594 8935.94
5.58619 8927.85
5.58644 10604.6
5.58669 10599.3
5.58694 10594
5.58719 10588.7
5.58744 10583.3
5.58769 10578
5.58794 10572.6
5.58819 10567.2
5.58844 10561.7
5.58869 10556.3
5.58894 10550.8
5.58919 10545.3
5.58944 10539.8
5.58969 10534.3
5.58994 10528.7
5.5902 10523.1
5.59045 10517.5
5.5907 10511.9
5.59095 10506.3
5.5912 10500.6
5.59145 10494.9
5.5917 10489.2
5.59195 10483.5
5.5922 10477.8
5.59245 10472
5.5927 10466.2
5.59295 10460.4
5.5932 10454.6
5.59345 10448.7
5.5937 10442.8
5.59395 10437
5.5942 10431
5.59445 10425.1
5.5947 10419.2
5.59495 10413.2
5.5952 10407.2
5.59545 10401.2
5.5957 10395.2
5.59595 10389.1
5.5962 10383
5.59645 10376.9
5.5967 10370.8
5.59695 10364.7
5.5972 10358.5
5.59745 10352.4
5.5977 10346.2
5.59795 10340
5.5982 10333.7
5.59845 10327.5
5.5987 10321.2
5.59895 10314.9
5.5992 10308.6
5.59945 10302.3
5.5997 10295.9
5.59995 10289.5
5.6002 10283.2
5.60045 10276.7
5.6007 10270.3
5.60095 10263.9
5.6012 10257.4
5.60145 10250.9
5.6017 10244.4
5.60195 10237.9
5.6022 10231.3
5.60245 10224.8
5.6027 10218.2
5.60295 10211.6
5.6032 10205
5.60345 10198.3
5.6037 10191.7
5.60395 10185
5.6042 10178.3
5.60445 10171.6
5.6047 10164.8
5.60495 10158.1
5.6052 10151.3
5.60545 10144.5
5.6057 10137.7
5.60595 10130.9
5.6062 10124
5.60645 10117.1
5.6067 10110.2
5.60695 10103.3
5.6072 10096.4
5.60745 10089.5
5.6077 10082.5
5.60795 10075.5
5.6082 10068.5
5.60845 10061.5
5.6087 10054.5
5.60895 10047.4
5.6092 10040.4
5.60945 10033.3
5.6097 10026.2
5.60995 10019
5.61021 10011.9
5.61046 10004.7
5.61071 9997.54
5.61096 9990.34
5.61121 9983.13
5.61146 9975.89
5.61171 9968.64
5.61196 9961.37
5.61221 9954.08
5.61246 9946.77
5.61271 9939.44
5.61296 9932.1
5.61321 9924.74
5.61346 9917.36
5.61371 9909.97
5.61396 9902.55
5.61421 9895.12
5.61446 9887.68
5.61471 9880.21
5.61496 9872.73
5.61521 9865.22
5.61546 9857.71
5.61571 9850.17
5.61596 9842.62
5.61621 9835.05
5.61646 9827.46
5.61671 9819.85
5.61696 9812.23
5.61721 9804.59
5.61746 9796.93
5.61771 9789.26
5.61796 9781.57
5.61821 9773.86
5.61846 9766.14
5.61871 9758.4
5.61896 9750.64
5.61921 9742.86
5.61946 9735.07
5.61971 9727.26
5.61996 9719.43
5.62021 9711.59
5.62046 9703.73
5.62071 10025.9
5.62096 10014.9
5.62121 10003.8
5.62146 9992.78
5.62171 9981.73
5.62196 9970.68
5.62221 9959.61
5.62246 9948.54
5.62271 9937.47
5.62296 9926.39
5.62321 9915.31
5.62346 9904.22
5.62371 9893.13
5.62396 9882.03
5.62421 9870.93
5.62446 9859.82
5.62471 9848.72
5.62496 9837.6
5.62521 9826.49
5.62546 9815.37
5.62571 9804.24
5.62596 9793.12
5.62621 9781.99
5.62646 9770.86
5.62671 9759.72
5.62696 9748.58
5.62721 9737.44
5.62746 9726.3
5.62771 9715.16
5.62796 9704.02
5.62821 9692.87
5.62846 9681.72
5.62871 9670.57
5.62896 9659.42
5.62921 9648.27
5.62946 9637.12
5.62971 9625.97
5.62996 9614.81
5.63022 9603.66
5.63047 9592.51
5.63072 9581.36
5.63097 9570.2
5.63122 9559.05
5.63147 9547.9
5.63172 9536.75
5.63197 9525.6
5.63222 9514.45
5.63247 9503.3
5.63272 9492.16
5.63297 9481.01
5.63322 9469.87
5.63347 9458.73
5.63372 9447.59
5.63397 9436.45
5.63422 9425.32
5.63447 9414.19
5.63472 9403.06
5.63497 9391.94
5.63522 9380.81
5.63547 9369.69
5.63572 9358.58
5.63597 9347.47
5.63622 9336.36
5.63647 9325.25
5.63672 9314.15
5.63697 9303.06
5.63722 9291.97
5.63747 9280.88
5.63772 9269.8
5.63797 9258.72
5.63822 9247.65
5.63847 9236.58
5.63872 9225.52
5.63897 9214.47
5.63922 9203.42
5.63947 9192.37
5.63972 9181.33
5.63997 9170.3
5.64022 9159.28
5.64047 9148.26
5.64072 9137.25
5.64097 9126.24
5.64122 9115.25
5.64147 9104.26
5.64172 9093.27
5.64197 9082.3
5.64222 9071.33
5.64247 9060.37
5.64272 9049.42
5.64297 9038.48
5.64322 9027.54
5.64347 9016.62
5.64372 9005.7
5.64397 8994.79
5.64422 8983.89
5.64447 8973
5.64472 8962.12
5.64497 8951.25
5.64522 8940.39
5.64547 8929.54
5.64572 8918.7
5.64597 8907.87
5.64622 8897.05
5.64647 8886.24
5.64672 8875.44
5.64697 8864.65
5.64722 8853.88
5.64747 8843.11
5.64772 8832.36
5.64797 8821.62
5.64822 8810.89
5.64847 8800.17
5.64872 8789.46
5.64897 8778.77
5.64922 8768.09
5.64947 8757.42
5.64972 8746.76
5.64997 8736.12
5.65023 8725.49
5.65048 8714.87
5.65073 8704.27
5.65098 8693.68
5.65123 8683.1
5.65148 8672.54
5.65173 8662
5.65198 8651.46
5.65223 8640.94
5.65248 8630.44
5.65273 8619.95
5.65298 8609.48
5.65323 8599.02
5.65348 8588.57
5.65373 8578.15
5.65398 8567.73
5.65423 8557.34
5.65448 8546.95
5.65473 8536.59
5.65498 8526.24
5.65523 11158.4
5.65548 11148.6
5.65573 11138.8
5.65598 11129.1
5.65623 11119.3
5.65648 11109.6
5.65673 11099.9
5.65698 11090.2
5.65723 11080.6
5.65748 11070.9
5.65773 11061.3
5.65798 11051.8
5.65823 11042.2
5.65848 11032.7
5.65873 11023.2
5.65898 11013.7
5.65923 11004.2
5.65948 10994.8
5.65973 10985.4
5.65998 10976
5.66023 10966.7
5.66048 10957.3
5.66073 10948
5.66098 10938.8
5.66123 10929.5
5.66148 10920.3
5.66173 10911.1
5.66198 10902
5.66223 10892.8
5.66248 10883.7
5.66273 10874.6
5.66298 10865.6
5.66323 10856.6
5.66348 10847.6
5.66373 10838.6
5.66398 10829.7
5.66423 10820.8
5.66448 10811.9
5.66473 10803.1
5.66498 10794.3
5.66523 10785.5
5.66548 10776.8
5.66573 10768.1
5.66598 10759.4
5.66623 10750.8
5.66648 10742.2
5.66673 10733.6
5.66698 10725
5.66723 10716.5
5.66748 10708
5.66773 10699.6
5.66798 10691.2
5.66823 10682.8
5.66848 10674.4
5.66873 10666.1
5.66898 10657.9
5.66923 10649.6
5.66948 10641.4
5.66973 10633.2
5.66998 10625.1
5.67024 10617
5.67049 10609
5.67074 10600.9
5.67099 10592.9
5.67124 10585
5.67149 10577.1
5.67174 10569.2
5.67199 10561.4
5.67224 10553.6
5.67249 10545.8
5.67274 10538.1
5.67299 10530.4
5.67324 10522.7
5.67349 10515.1
5.67374 10507.6
5.67399 10500
5.67424 10492.5
5.67449 10485.1
5.67474 10477.7
5.67499 10470.3
5.67524 10463
5.67549 10455.7
5.67574 10448.5
5.67599 10441.3
5.67624 10434.1
5.67649 10427
5.67674 10419.9
5.67699 10412.9
5.67724 10405.9
5.67749 10398.9
5.67774 10392
5.67799 10385.2
5.67824 10378.4
5.67849 10371.6
5.67874 10364.9
5.67899 10358.2
5.67924 10351.5
5.67949 10344.9
5.67974 10338.4
5.67999 10331.9
5.68024 10325.4
5.68049 10319
5.68074 10312.6
5.68099 10306.3
5.68124 10300
5.68149 10293.8
5.68174 10287.6
5.68199 10281.5
5.68224 10275.4
5.68249 10269.4
5.68274 10263.4
5.68299 10257.4
5.68324 10251.6
5.68349 10245.7
5.68374 10239.9
5.68399 10234.2
5.68424 10228.5
5.68449 10222.8
5.68474 10217.2
5.68499 10211.7
5.68524 10206.2
5.68549 10200.7
5.68574 10195.3
5.68599 10190
5.68624 10184.7
5.68649 10179.5
5.68674 10174.3
5.68699 10169.1
5.68724 10164.1
5.68749 10159
5.68774 10154.1
5.68799 10149.1
5.68824 10144.3
5.68849 10139.4
5.68874 10134.7
5.68899 10130
5.68924 10125.3
5.68949 10120.7
5.68974 12067.1
5.68999 12062.7
5.69025 12058.3
5.6905 12054
5.69075 12049.8
5.691 12045.6
5.69125 12041.4
5.6915 12037.3
5.69175 12033.3
5.692 12029.3
5.69225 12025.4
5.6925 12021.5
5.69275 12017.7
5.693 12013.9
5.69325 12010.2
5.6935 12006.5
5.69375 12002.9
5.694 11999.3
5.69425 11995.8
5.6945 11992.3
5.69475 11988.9
5.695 11985.6
5.69525 11982.3
5.6955 11979.1
5.69575 11975.9
5.696 11972.8
5.69625 11969.7
5.6965 11966.7
5.69675 11963.7
5.697 11960.8
5.69725 11958
5.6975 11955.2
5.69775 11952.5
5.698 11949.8
5.69825 11947.2
5.6985 11944.6
5.69875 11942.1
5.699 11939.6
5.69925 11937.3
5.6995 11934.9
5.69975 11932.6
5.7 11930.4
