30
5 7295 9.655e+08 1.55e+14 0
5.03448 6372 7.26e+08 5.04e+14 0
5.06897 7119 -1.4e+07 -1.14e+15 0
5.10345 7910 1.91e+09 -3.267e+15 0
5.13793 6844 -1.952e+09 2.0415e+15 0
5.17241 6979.5 -8.51e+08 3.184e+15 0
5.2069 7757.5 -4.02e+08 2.285e+14 0
5.24138 9321 -1.706e+09 -1.676e+15 0
5.27586 8027 -1.407e+09 2.63e+14 0
5.31034 7014 -1.483e+09 2.176e+15 0
5.34483 8518 -2.96e+08 -1.122e+15 0
5.37931 8413 -4.9e+07 3.96e+14 0
5.41379 8204 -1.3e+08 1.353e+15 0
5.44828 10828 4.37e+08 -2.359e+15 0
5.48276 9306 5.23e+08 -2.599e+15 0
5.51724 8276 -1.216e+09 1.486e+15 0
5.55172 10383 -3.1e+07 -8.028e+15 0
5.58621 9436 -1.122e+09 -8.17e+14 0
5.62069 7380 -5.382e+09 3.658e+15 0
5.65517 10488 -2.84e+08 -2.858e+15 0
5.68966 9334 -1.448e+09 4.08e+14 0
5.72414 10938 -2.922e+09 -3.734e+15 0
5.75862 8542 -6.76e+08 7.806e+15 0
5.7931 9686 6.7e+08 2.522e+15 0
5.82759 13912 5.92e+08 -6.506e+15 0
5.86207 13050 1.938e+09 -2.098e+15 0
5.89655 14512 -3.028e+09 -1.158e+15 0
5.93103 12590 -7.82e+08 3.492e+15 0
5.96552 14750 3.188e+09 -7.416e+15 0
6 10680 3.188e+09 -7.416e+15 0
